57.9895 84.5352 900 0.0200125
143.958 87.7487 900 0.0280872
246.844 134.39 900 0.0235028
257.675 26.1154 900 0.0274658
91.1957 77.0279 900 0.0271048
109.332 13.71 900 0.0201498
296.548 24.884 900 0.0214731
1.40076 17.8619 900 0.0244568
159.494 56.6803 900 0.0200891
182.144 90.2618 900 0.0257117
135.233 99.4537 900 0.0216623
182.3 8.5556 900 0.0235211
155.96 120.387 900 0.0278329
217.996 131.392 900 0.0230194
161.801 138.853 900 0.0295587
70.5963 69.31 900 0.0214233
233.89 31.4392 900 0.0286221
299.899 149.515 900 0.0284363
79.8615 58.8638 900 0.0261148
7.1228 126.018 900 0.0229727
203.156 13.8931 900 0.0237585
275.629 1.31836 900 0.0205621
176.367 40.9332 900 0.0227588
217.941 125.638 900 0.0269116
223.114 30.8029 900 0.0248492
284.738 68.692 900 0.0246844
179.709 16.2415 900 0.0274442
182.684 110.248 900 0.0238522
45.4651 54.1992 900 0.0257239
240.857 63.7711 900 0.022251
225.458 148.494 900 0.0251709
197.186 25.3464 900 0.0234555
209.921 9.53064 900 0.0249188
284.866 22.1237 900 0.0250479
207.861 135.764 900 0.0214157
21.1121 63.9816 900 0.0230304
45.9686 102.475 900 0.0296658
174.609 123.248 900 0.0287723
245.151 26.683 900 0.0219135
151.172 23.3322 900 0.0247525
