40.5707 114.974 900 0.0276663
68.7572 144.397 900 0.0247026
97.0496 107.402 900 0.0269687
148.783 145.489 900 0.0223587
138.741 41.2999 900 0.0241021
150.743 47.4538 900 0.02036
200.097 26.8886 900 0.0280946
222.783 84.8391 900 0.0255998
242.491 92.2788 900 0.0243786
160.365 82.8762 900 0.0233597
181.769 42.4313 900 0.0269865
233.317 67.7805 900 0.0237904
35.5898 32.8346 900 0.02125
167.44 149.627 900 0.0289866
263.528 129.345 900 0.027778
116.835 76.1031 900 0.0239042
224.171 73.8452 900 0.0202516
184.408 26.1765 900 0.0250173
155.367 35.1432 900 0.0226535
274.751 16.302 900 0.0245261
86.8472 126.295 900 0.020207
74.0662 40.9384 900 0.0295667
98.0616 10.5286 900 0.0247358
87.4496 67.4322 900 0.0240411
0.540726 43.0849 900 0.0249167
94.7479 58.3248 900 0.0210736
99.0119 132.322 900 0.0293591
36.9077 88.1904 900 0.0216191
229.853 24.151 900 0.0210981
298.745 30.2945 900 0.0235768
214.676 56.1516 900 0.0256187
285.372 105.291 900 0.0286284
171.585 138.177 900 0.0232309
32.923 8.30807 900 0.0266269
121.374 69.5041 900 0.0209242
224.193 89.4453 900 0.0262395
215.94 27.8181 900 0.0291276
141.921 88.8558 900 0.0293052
271.126 112.146 900 0.0209258
9.92361 1.38005 900 0.0256225
