58.5153 49.3179 900 0.0212771
233.473 10.3837 900 0.0251363
232.39 78.6338 900 0.0275913
169.416 55.1559 900 0.024216
64.0822 122.804 900 0.0249604
55.9497 65.2826 900 0.0266271
213.392 113.719 900 0.0210423
267.788 8.61034 900 0.0226294
22.875 57.1273 900 0.022522
184.319 109.944 900 0.0257615
264.794 31.3035 900 0.021136
206.458 68.0319 900 0.0255117
8.97482 16.4059 900 0.0285516
54.0714 30.6115 900 0.0283436
73.9908 67.1053 900 0.0255829
117.585 133.227 900 0.0217606
11.1991 149.308 900 0.0208876
113.074 96.2463 900 0.0229266
266.373 40.7064 900 0.0246601
236.661 4.53474 900 0.0227235
18.7975 127.916 900 0.0243556
194.35 133.079 900 0.0235779
94.2472 49.3215 900 0.0237297
298.089 0.911862 900 0.0259373
238.979 130.341 900 0.0205022
66.8235 45.1144 900 0.020425
208.493 99.8242 900 0.0270794
195.399 137.468 900 0.0246351
297.793 131.566 900 0.029555
29.7479 137.482 900 0.0293639
145.824 130.867 900 0.020515
211.674 126.833 900 0.0284985
263.822 123.937 900 0.0242724
37.342 50.7183 900 0.0247719
161.235 46.347 900 0.0271765
250.858 27.3932 900 0.0252716
210.181 57.5784 900 0.0219991
14.5277 28.4363 900 0.0287615
220.458 67.3545 900 0.0252435
232.521 58.8601 900 0.0246613
