193.298 563.568 900 0.0200125
479.858 584.991 900 0.0280872
822.815 895.935 900 0.0235028
858.917 174.103 900 0.0274658
303.986 513.519 900 0.0271048
364.441 91.4001 900 0.0201498
988.495 165.894 900 0.0214731
4.66919 119.08 900 0.0244568
531.647 377.869 900 0.0200891
607.147 601.746 900 0.0257117
450.775 663.025 900 0.0216623
607.666 57.0374 900 0.0235211
519.867 802.582 900 0.0278329
726.654 875.946 900 0.0230194
539.337 925.69 900 0.0295587
235.321 462.067 900 0.0214233
779.633 209.595 900 0.0286221
999.664 996.765 900 0.0284363
266.205 392.426 900 0.0261148
23.7427 840.118 900 0.0229727
677.185 92.6208 900 0.0237585
918.762 8.78906 900 0.0205621
587.891 272.888 900 0.0227588
726.471 837.585 900 0.0269116
743.713 205.353 900 0.0248492
949.127 457.947 900 0.0246844
599.03 108.276 900 0.0274442
608.948 734.985 900 0.0238522
151.55 361.328 900 0.0257239
802.856 425.14 900 0.022251
751.526 989.96 900 0.0251709
657.288 168.976 900 0.0234555
699.738 63.5376 900 0.0249188
949.554 147.491 900 0.0250479
692.871 905.09 900 0.0214157
70.3735 426.544 900 0.0230304
153.229 683.167 900 0.0296658
582.031 821.655 900 0.0287723
817.169 177.887 900 0.0219135
503.906 155.548 900 0.0247525
279.572 405.579 900 0.0273199
755.829 682.22 900 0.0256873
123.016 475.281 900 0.0272189
35.0952 834.656 900 0.023678
426.208 662.964 900 0.02517
921.356 949.31 900 0.0210468
471.71 345.978 900 0.0254953
316.864 846.954 900 0.0237497
982.941 271.881 900 0.0245609
567.261 739.166 900 0.0229779
