19.3298 56.3568 900 0.0200125
47.9858 58.4991 900 0.0280872
82.2815 89.5935 900 0.0235028
85.8917 17.4103 900 0.0274658
30.3986 51.3519 900 0.0271048
36.4441 9.14001 900 0.0201498
98.8495 16.5894 900 0.0214731
0.466919 11.908 900 0.0244568
53.1647 37.7869 900 0.0200891
60.7147 60.1746 900 0.0257117
45.0775 66.3025 900 0.0216623
60.7666 5.70374 900 0.0235211
51.9867 80.2582 900 0.0278329
72.6654 87.5946 900 0.0230194
53.9337 92.569 900 0.0295587
23.5321 46.2067 900 0.0214233
77.9633 20.9595 900 0.0286221
99.9664 99.6765 900 0.0284363
26.6205 39.2426 900 0.0261148
2.37427 84.0118 900 0.0229727
67.7185 9.26208 900 0.0237585
91.8762 0.878906 900 0.0205621
58.7891 27.2888 900 0.0227588
72.6471 83.7585 900 0.0269116
74.3713 20.5353 900 0.0248492
94.9127 45.7947 900 0.0246844
59.903 10.8276 900 0.0274442
60.8948 73.4985 900 0.0238522
15.155 36.1328 900 0.0257239
80.2856 42.514 900 0.022251
